Sat.A1Gregorian            Sat.EarthMJ2000Eq.X       Sat.EarthMJ2000Eq.Y       Sat.EarthMJ2000Eq.Z       Sat.EarthMJ2000Eq.VX      Sat.EarthMJ2000Eq.VY      Sat.EarthMJ2000Eq.VZ      
01 Jan 2000 12:00:00.034   6771                      0                         0                         0                         5.5                       5.5                       
01 Jan 2000 12:01:00.034   6755.356873223965         329.7457714531062         329.7457714531062         -0.5212199680533964       5.487294093117319         5.487294093117319         
01 Jan 2000 12:02:00.034   6708.505761660581         657.9683008513283         657.9683008513283         -1.039832835568467        5.449249676519333         5.449249676519333         
01 Jan 2000 12:03:00.034   6630.680879746558         983.1531276442297         983.1531276442297         -1.553250358630569        5.386085915335404         5.386085915335404         
01 Jan 2000 12:04:00.034   6522.270704845481         1303.803267023842         1303.803267023842         -2.058921745930783        5.298165693603378         5.298165693603378         
01 Jan 2000 12:05:00.034   6383.815184505544         1618.447733686945         1618.447733686945         -2.554351738377246        5.185992075455408         5.185992075455408         
01 Jan 2000 12:06:00.034   6216.001880508808         1925.649813238517         1925.649813238517         -3.037117930888368        5.050203445190814         5.050203445190814         
01 Jan 2000 12:07:00.034   6019.661101978922         2224.015004581664         2224.015004581664         -3.504887113348793        4.891567417058014         4.891567417058014         
01 Jan 2000 12:08:00.034   5795.760092502392         2512.198562734517         2512.198562734517         -3.955430431592457        4.710973626577273         4.710973626577273         
01 Jan 2000 12:09:00.034   5545.396347342074         2788.912578771354         2788.912578771354         -4.386637197382286        4.509425532857939         4.509425532857939         
01 Jan 2000 12:10:00.034   5269.790146157602         3052.932541786451         3052.932541786451         -4.796527207658543        4.288031375172054         4.288031375172054         
01 Jan 2000 12:11:00.034   4970.276394036842         3303.10333668765          3303.10333668765          -5.183261466726421        4.047994436777428         4.047994436777428         
01 Jan 2000 12:12:00.034   4648.295868993196         3538.344640993739         3538.344640993739         -5.54515123942399         3.790602774541384         3.790602774541384         
01 Jan 2000 12:13:00.034   4305.385977370415         3757.655693386456         3757.655693386456         -5.880665397559188        3.517218574365716         3.517218574365716         
01 Jan 2000 12:14:00.034   3943.171119858059         3960.119416313234         3960.119416313234         -6.188436055010043        3.229267289966004         3.229267289966005         
01 Jan 2000 12:15:00.034   3563.35277015299          4144.905884226616         4144.905884226617         -6.467262517941783        2.928226716552838         2.928226716552839         
01 Jan 2000 12:16:00.034   3167.699365851824         4311.275137879751         4311.275137879752         -6.716113604849142        2.615616141838935         2.615616141838936         
01 Jan 2000 12:17:00.034   2758.036107112888         4458.579353302627         4458.579353302628         -6.934128415987594        2.292985705068237         2.292985705068237         
01 Jan 2000 12:18:00.034   2336.234753201464         4586.26438152105          4586.264381521051         -7.120615652793293        1.961906080988877         1.961906080988877         
01 Jan 2000 12:19:00.034   1904.203500466378         4693.870681644218         4693.870681644219         -7.275051604861453        1.623958590445896         1.623958590445896         
01 Jan 2000 12:20:00.034   1463.877017836438         4781.033675565885         4781.033675565885         -7.397076934874614        1.280725823116877         1.280725823116877         
01 Jan 2000 12:21:00.034   1017.206707819543         4847.483557160326         4847.483557160327         -7.486492400612493        0.9337828413881362        0.9337828413881364        
01 Jan 2000 12:22:00.034   566.1512524750061         4893.044592500117         4893.044592500118         -7.54325365802825         0.5846890179556969        0.5846890179556969        
01 Jan 2000 12:23:00.034   112.667495135582          4917.633950297783         4917.633950297783         -7.567465290640065        0.2349805438567511        0.2349805438567512        
01 Jan 2000 12:24:00.034   -341.2983000158127        4921.260103520848         4921.260103520849         -7.559374208537891        -0.1138363713534172       -0.1138363713534171       
01 Jan 2000 12:25:00.034   -793.8187768784534        4904.02084401152          4904.020844011521         -7.519362555571623        -0.460291599388418        -0.460291599388418        
01 Jan 2000 12:26:00.034   -1242.993379351632        4866.100952034889         4866.10095203489          -7.447940256225849        -0.8029564975439882       -0.8029564975439882       
01 Jan 2000 12:27:00.034   -1686.95578834509         4807.769562069594         4807.769562069595         -7.345737324762123        -1.140448633046951        -1.140448633046951        
01 Jan 2000 12:28:00.034   -2123.880893039972        4729.377264935247         4729.377264935248         -7.21349604887562         -1.47143585232067         -1.47143585232067         
01 Jan 2000 12:29:00.034   -2551.991291957454        4631.352984616704         4631.352984616705         -7.052063148796624        -1.794639727829906        -1.794639727829906        
01 Jan 2000 12:30:00.034   -2969.563325092811        4514.200665991048         4514.200665991048         -6.862382000859172        -2.108838421395542        -2.108838421395542        
01 Jan 2000 12:31:00.034   -3374.932643349865        4378.495807180168         4378.495807180169         -6.645485002405607        -2.412869007615831        -2.412869007615831        
01 Jan 2000 12:32:00.034   -3766.499325758934        4224.881867526024         4224.881867526025         -6.402486142794119        -2.705629304398159        -2.705629304398159        
01 Jan 2000 12:33:00.034   -4142.732558491271        4054.066579296093         4054.066579296094         -6.134573833473481        -2.986079259717071        -2.986079259717072        
01 Jan 2000 12:34:00.034   -4502.174892518769        3866.818188244613         3866.818188244614         -5.843004038782251        -3.253241944706474        -3.253241944706474        
01 Jan 2000 12:35:00.034   -4843.446098943784        3663.96164514374          3663.96164514374          -5.529093738468705        -3.506204203208212        -3.506204203208212        
01 Jan 2000 12:36:00.034   -5165.246642582424        3446.374767412261         3446.374767412261         -5.194214743019003        -3.744117007077466        -3.744117007077467        
01 Jan 2000 12:37:00.034   -5466.360795373136        3214.984387053943         3214.984387053944         -4.83978787379272         -3.966195565024538        -3.966195565024539        
01 Jan 2000 12:38:00.034   -5745.659411650948        2970.762498310987         2970.762498310988         -4.467277511731228        -4.171719230681267        -4.171719230681268        
01 Jan 2000 12:39:00.034   -6002.102387328281        2714.722415771121         2714.722415771122         -4.078186511032343        -4.360031253036103        -4.360031253036103        
01 Jan 2000 12:40:00.034   -6234.740824606872        2447.914951163498         2447.914951163499         -3.674051467658373        -4.530538409489647        -4.530538409489648        
01 Jan 2000 12:41:00.034   -6442.718923062004        2171.424614756822         2171.424614756823         -3.25643832683127         -4.682710558633472        -4.682710558633473        
01 Jan 2000 12:42:00.034   -6625.275616837404        1886.36584514611          1886.365845146111         -2.826938308722544        -4.816080146526317        -4.816080146526318        
01 Jan 2000 12:43:00.034   -6781.745976311227        1593.879269290945         1593.879269290946         -2.387164127313413        -4.930241696797024        -4.930241696797025        
01 Jan 2000 12:44:00.034   -6911.562390981626        1295.12799295341          1295.127992953411         -1.93874647382442         -5.024851311392822        -5.024851311392823        
01 Jan 2000 12:45:00.034   -7014.255548512204        991.2939201808712         991.2939201808721         -1.483330733134487        -5.099626205253173        -5.099626205253174        
01 Jan 2000 12:46:00.034   -7089.455222907026        683.5740991881773         683.5740991881783         -1.022573899170026        -5.154344294650329        -5.15434429465033         
01 Jan 2000 12:47:00.034   -7136.890882682889        373.1770909151662         373.177090915167          -0.558141653291929        -5.188843855415305        -5.188843855415306        
01 Jan 2000 12:48:00.034   -7156.392127700675        61.31935566728442         61.31935566728521         -0.09170556819506023      -5.20302326377137         -5.203023263771371        
01 Jan 2000 12:49:00.034   -7147.888961033187        -250.7783474120005        -250.7783474119998        0.3750596012788505        -5.19684082902821         -5.196840829028211        
01 Jan 2000 12:50:00.034   -7111.411899906799        -561.8945537400687        -561.894553740068         0.8404785797593832        -5.170314723945611        -5.170314723945612        
01 Jan 2000 12:51:00.034   -7047.091927379875        -870.8106855140194        -870.8106855140187        1.30287822514032          -5.123523015148354        -5.123523015148355        
01 Jan 2000 12:52:00.034   -6955.16028403274         -1176.314648738575        -1176.314648738574        1.760590214355961         -5.056603792554381        -5.056603792554382        
01 Jan 2000 12:53:00.034   -6835.948096561739        -1477.204440887118        -1477.204440887117        2.211953800682554         -4.969755393355364        -4.969755393355366        
01 Jan 2000 12:54:00.034   -6689.885837813971        -1772.291774649318        -1772.291774649317        2.655318681499221         -4.863236712652233        -4.863236712652235        
01 Jan 2000 12:55:00.034   -6517.502610490271        -2060.405722641307        -2060.405722641307        3.08904801447703          -4.737367589389642        -4.737367589389644        
01 Jan 2000 12:56:00.034   -6319.425244504488        -2340.396387168592        -2340.396387168592        3.511521618812848         -4.592529252747712        -4.592529252747714        
01 Jan 2000 12:57:00.034   -6096.37719584112         -2611.13859813612         -2611.13859813612         3.921139396349801         -4.429164810636371        -4.429164810636373        
01 Jan 2000 12:58:00.034   -5849.177232727655        -2871.535640992683        -2871.535640992683        4.316325005184            -4.24777975840359         -4.247779758403593        
01 Jan 2000 12:59:00.034   -5578.737893062089        -3120.523015177295        -3120.523015177295        4.695529815596677         -4.048942482327452        -4.048942482327455        
01 Jan 2000 13:00:00.034   -5286.063695342763        -3357.072221903422        -3357.072221903422        5.057237174816172         -3.833284728936472        -3.833284728936475        
01 Jan 2000 13:01:00.034   -4972.249083873103        -3580.194578274998        -3580.194578274999        5.399967003146728         -3.601502007726661        -3.601502007726664        
01 Jan 2000 13:02:00.034   -4638.476087797807        -3788.945052680243        -3788.945052680245        5.7222807393422           -3.354353891462673        -3.354353891462675        
01 Jan 2000 13:03:00.034   -4286.011672612654        -3982.426114162724        -3982.426114162726        6.022786647696775         -3.092664175022362        -3.092664175022364        
01 Jan 2000 13:04:00.034   -3916.204762223741        -4159.791586035279        -4159.79158603528         6.30014549312259          -2.817320850740898        -2.817320850740899        
01 Jan 2000 13:05:00.034   -3530.482909462635        -4320.250491397202        -4320.250491397204        6.55307658344732          -2.529275855517866        -2.529275855517867        
01 Jan 2000 13:06:00.034   -3130.348593242497        -4463.070875460106        -4463.070875460108        6.780364170270187         -2.229544542668215        -2.229544542668215        
01 Jan 2000 13:07:00.034   -2717.375121318237        -4587.583586710998        -4587.583586711           6.980864190959852         -1.919204829738125        -1.919204829738125        
01 Jan 2000 13:08:00.034   -2293.202118942528        -4693.185995977469        -4693.185995977471        7.153511324785036         -1.599395972394545        -1.599395972394545        
01 Jan 2000 13:09:00.034   -1859.530585637551        -4779.345629452216        -4779.345629452218        7.297326325792858         -1.27131691416621         -1.27131691416621         
01 Jan 2000 13:10:00.034   -1418.117504874377        -4845.603688733553        -4845.603688733556        7.41142358398128          -0.9362241624049451       -0.9362241624049453       
01 Jan 2000 13:11:00.034   -970.7699947055331        -4891.578428004694        -4891.578428004696        7.495018854683287         -0.5954291424912636       -0.5954291424912637       
01 Jan 2000 13:12:00.034   -519.3389913602239        -4916.968355675409        -4916.968355675412        7.547437084069418         -0.2502949851667552       -0.2502949851667552       
01 Jan 2000 13:13:00.034   -65.71246250211081        -4921.555225221413        -4921.555225221416        7.568120246509498         0.09776729393331057       0.09776729393331055       
01 Jan 2000 13:14:00.034   388.1918477322045         -4905.206777662799        -4905.206777662802        7.556635097491172         0.4473032578387526        0.4473032578387527        
01 Jan 2000 13:15:00.034   840.4341336667646         -4867.879196212511        -4867.879196212513        7.512680734199749         0.7968201830212756        0.7968201830212758        
01 Jan 2000 13:16:00.034   1289.060687942751         -4809.619232192631        -4809.619232192634        7.436095845094687         1.144792884770279         1.144792884770279         
01 Jan 2000 13:17:00.034   1732.112483835645         -4730.565960455551        -4730.565960455554        7.326865520287042         1.489670242215613         1.489670242215614         
01 Jan 2000 13:18:00.034   2167.634149634056         -4630.952122352917        -4630.95212235292         7.185127486674015         1.829882420171533         1.829882420171534         
01 Jan 2000 13:19:00.034   2593.683296335619         -4511.105014857203        -4511.105014857206        7.011177626083372         2.163848771670128         2.163848771670129         
01 Jan 2000 13:20:00.034   3008.340151303458         -4371.446885839794        -4371.446885839797        6.805474631584261         2.489986390490894         2.489986390490895         
01 Jan 2000 13:21:00.034   3409.717441818422         -4212.494797813815        -4212.494797813818        6.568643657074425         2.806719267425393         2.806719267425394         
01 Jan 2000 13:22:00.034   3795.970463852856         -4034.859925710619        -4034.859925710622        6.301478818656421         3.112487987766001         3.112487987766003         
01 Jan 2000 13:23:00.034   4165.307263098326         -3839.246258505266        -3839.246258505269        6.004944413499094         3.405759890971635         3.405759890971638         
01 Jan 2000 13:24:00.034   4515.998847537081         -3626.448679742087        -3626.448679742089        5.680174733083221         3.685039597102871         3.685039597102873         
01 Jan 2000 13:25:00.034   4846.389343900459         -3397.350408210764        -3397.350408210766        5.328472363071597         3.948879788950528         3.948879788950531         
01 Jan 2000 13:26:00.034   5154.906004455321         -3152.919787128216        -3152.919787128218        4.951304881502431         4.195892124360851         4.195892124360854         
01 Jan 2000 13:27:00.034   5440.068965944472         -2894.20641809988         -2894.206418099882        4.550299890400223         4.424758140660479         4.424758140660481         
01 Jan 2000 13:28:00.034   5700.500659405315         -2622.336644739512        -2622.336644739514        4.127238342878803         4.634240002873336         4.634240002873339         
01 Jan 2000 13:29:00.034   5934.934768202962         -2338.508399959518        -2338.508399959519        3.684046157850431         4.823190940133792         4.823190940133794         
01 Jan 2000 13:30:00.034   6142.224632103112         -2043.985440414398        -2043.985440414399        3.222784146856908         4.990565210808455         4.990565210808458         
01 Jan 2000 13:31:00.034   6321.350997693204         -1740.091001172213        -1740.091001172214        2.745636311453409         5.135427436724686         5.135427436724688         
01 Jan 2000 13:32:00.034   6471.429019999609         -1428.200913167885        -1428.200913167886        2.254896604025387         5.256961150831398         5.256961150831401         
01 Jan 2000 13:33:00.034   6591.714426744335         -1109.736235110725        -1109.736235110725        1.752954278832868         5.35447641071193          5.354476410711933         
01 Jan 2000 13:34:00.034   6681.60876527123          -786.1554600267937        -786.1554600267939        1.24227799233624          5.427416342597252         5.427416342597255         
01 Jan 2000 13:35:00.034   6740.663662616214         -458.946364271809         -458.9463642718091        0.7253988413466129        5.475362496693413         5.475362496693416         
01 Jan 2000 13:36:00.034   6768.584041299939         -129.6175734259222        -129.6175734259222        0.2048925532009549        5.498038914376671         5.498038914376673         
01 Jan 2000 13:37:00.034   6765.23024692561          200.3100752215583         200.3100752215585         -0.3166389369643129       5.495314830603874         5.495314830603877         
01 Jan 2000 13:38:00.034   6730.619058257535         529.3122900359082         529.3122900359085         -0.8365862714705917       5.467205960077359         5.467205960077361         
01 Jan 2000 13:39:00.034   6664.92356578404          855.8701163985097         855.8701163985105         -1.352351558384996        5.413874342525173         5.413874342525175         
01 Jan 2000 13:40:00.034   6568.471920449644         1178.478675563616         1178.478675563617         -1.86136710073304         5.335626750065157         5.33562675006516          
01 Jan 2000 13:41:00.034   6441.744969880104         1495.655765513993         1495.655765513995         -2.361113708550997        5.232911687134189         5.232911687134191         
01 Jan 2000 13:42:00.034   6285.372814625819         1805.950240951199         1805.9502409512           -2.849138346182071        5.106315040005303         5.106315040005304         
01 Jan 2000 13:43:00.034   6100.130331337323         2107.950093730739         2107.950093730741         -3.323070883769383        4.956554457654757         4.956554457654758         
01 Jan 2000 13:44:00.034   5886.931723015391         2400.290160638247         2400.290160638248         -3.780639743869973        4.784472567931854         4.784472567931855         
01 Jan 2000 13:45:00.034   5646.824168246596         2681.659392227568         2681.659392227569         -4.219686260676698        4.591029151996834         4.591029151996834         
01 Jan 2000 13:46:00.034   5380.980651396103         2950.807624299298         2950.807624299299         -4.638177599509582        4.377292415339281         4.377292415339282         
01 Jan 2000 13:47:00.034   5090.692063898421         3206.551802258132         3206.551802258133         -5.034218116947191        4.14442950504329          4.14442950504329          
01 Jan 2000 13:48:00.034   4777.358672945157         3447.781617804272         3447.781617804274         -5.406059076090716        3.893696430164228         3.893696430164229         
01 Jan 2000 13:49:00.034   4442.48105796541          3673.464526937866         3673.464526937867         -5.752106665876044        3.626427545128106         3.626427545128107         
01 Jan 2000 13:50:00.034   4087.650617343181         3882.650127840974         3882.650127840975         -6.070928307018317        3.344024755114253         3.344024755114254         
01 Jan 2000 13:51:00.034   3714.539747891505         4074.473886617139         4074.47388661714          -6.361257259136035        3.047946597726853         3.047946597726853         
01 Jan 2000 13:52:00.034   3324.891797832716         4248.160207903614         4248.160207903616         -6.621995573038678        2.739697347304527         2.739697347304527         
01 Jan 2000 13:53:00.034   2920.510890590315         4403.02485584191          4403.024855841912         -6.85221545841272         2.420816277447653         2.420816277447653         
01 Jan 2000 13:54:00.034   2503.251711787329         4538.476738645878         4538.47673864588          -7.051159159716488        2.092867204304655         2.092867204304655         
01 Jan 2000 13:55:00.034   2075.00934569932          4654.019076923964         4654.019076923966         -7.21823745168047         1.757428418422256         1.757428418422256         
01 Jan 2000 13:56:00.034   1637.709240272156         4749.24998190895          4749.249981908952         -7.353026880261041        1.416083097102301         1.416083097102301         
01 Jan 2000 13:57:00.034   1193.297371933554         4823.862474773408         4823.86247477341          -7.455265885222826        1.070410272767767         1.070410272767767         
01 Jan 2000 13:58:00.034   743.7306730471312         4877.643982243118         4877.643982243119         -7.524849946874847        0.7219764163289939        0.7219764163289937        
01 Jan 2000 13:59:00.034   290.9677762093804         4910.475346773161         4910.475346773163         -7.561825902118659        0.3723276784063108        0.3723276784063105        
01 Jan 2000 14:00:00.034   -163.0398791132679        4922.329391656931         4922.329391656933         -7.566385574231321        0.02298281588832583       0.02298281588832547       
01 Jan 2000 14:01:00.034   -616.356540678413         4913.269082651651         4913.269082651653         -7.538858857112921        -0.3245731830060168       -0.3245731830060172       
01 Jan 2000 14:02:00.034   -1067.070209632893        4883.445328096845         4883.445328096846         -7.479706388526303        -0.668894775005126        -0.6688947750051265       
01 Jan 2000 14:03:00.034   -1513.300257922761        4833.094459157444         4833.094459157446         -7.38951193860933         -1.008580850796274        -1.008580850796275        
01 Jan 2000 14:04:00.034   -1953.204583410174        4762.535430831816         4762.535430831818         -7.268974630107135        -1.342279058159991        -1.342279058159992        
01 Jan 2000 14:05:00.034   -2384.986295821518        4672.166782821576         4672.166782821578         -7.118901095792407        -1.668689489021247        -1.668689489021248        
01 Jan 2000 14:06:00.034   -2806.899932630303        4562.463397359696         4562.463397359697         -6.940197666822212        -1.986567767042876        -1.986567767042877        
01 Jan 2000 14:07:00.034   -3217.257209241478        4433.973088729042         4433.973088729043         -6.733862673684416        -2.29472757770409         -2.294727577704092        
01 Jan 2000 14:08:00.034   -3614.432312377946        4287.313056563165         4287.313056563166         -6.500978929232396        -2.592042686702276        -2.592042686702277        
01 Jan 2000 14:09:00.034   -3996.86674937996         4123.166232187021         4123.166232187023         -6.242706451360183        -2.877448495105633        -2.877448495105635        
01 Jan 2000 14:10:00.034   -4363.073769232954        3942.277544301658         3942.277544301659         -5.960275471347955        -3.149943181099524        -3.149943181099526        
01 Jan 2000 14:11:00.034   -4711.642373569981        3745.450127310049         3745.45012731005          -5.654979762977918        -3.408588478550835        -3.408588478550837        
01 Jan 2000 14:12:00.034   -5041.240937690646        3533.54149257905          3533.541492579051         -5.328170317306201        -3.652510142104673        -3.652510142104675        
01 Jan 2000 14:13:00.034   -5350.620462844971        3307.459679983971         3307.459679983972         -4.981249378559755        -3.880898147265614        -3.880898147265615        
01 Jan 2000 14:14:00.034   -5638.617481697282        3068.159404228851         3068.159404228852         -4.615664848055603        -4.093006672033816        -4.093006672033818        
01 Jan 2000 14:15:00.034   -5904.156639063492        2816.638207710459         2816.63820771046          -4.232905055329909        -4.288153904286774        -4.288153904286776        
01 Jan 2000 14:16:00.034   -6146.252969756489        2553.932629123939         2553.932629123939         -3.834493888808821        -4.465721716330318        -4.46572171633032         
01 Jan 2000 14:17:00.034   -6364.013894729375        2281.114394613098         2281.114394613099         -3.421986272325116        -4.625155244984354        -4.625155244984356        
01 Jan 2000 14:18:00.034   -6556.640955723495        1999.28663606358          1999.286636063581         -2.996963968543088        -4.765962412302384        -4.765962412302386        
01 Jan 2000 14:19:00.034   -6723.431307353225        1709.580139132785         1709.580139132786         -2.561031685848282        -4.887713418617966        -4.887713418617968        
01 Jan 2000 14:20:00.034   -6863.778984034831        1413.149621813281         1413.149621813281         -2.115813461431704        -4.990040236121244        -4.990040236121246        
01 Jan 2000 14:21:00.034   -6977.175957431307        1111.170042740027         1111.170042740028         -1.662949290091342        -5.072636127637299        -5.072636127637301        
01 Jan 2000 14:22:00.034   -7063.212998174517        804.8329370777155         804.832937077716          -1.204091965628971        -5.135255211736666        -5.135255211736668        
01 Jan 2000 14:23:00.034   -7121.58035357201         495.3427766626955         495.3427766626958         -0.7409040995822591       -5.177712091777884        -5.177712091777886        
01 Jan 2000 14:24:00.034   -7152.06825083778         183.9133501233343         183.9133501233345         -0.2750552803514907       -5.199881562974557        -5.199881562974559        
01 Jan 2000 14:25:00.034   -7154.567233129775        -128.2358420383759        -128.2358420383758        0.1917806654862027        -5.201698408099705        -5.201698408099706        
01 Jan 2000 14:26:00.034   -7129.068333356099        -439.8831829541832        -439.8831829541833        0.657928348769128         -5.183157288986864        -5.183157288986866        
01 Jan 2000 14:27:00.034   -7075.663088348547        -749.8085313626412        -749.8085313626412        1.12171346987702          -5.14431273755457         -5.144312737554571        
01 Jan 2000 14:28:00.034   -6994.543393616877        -1056.796816045523        -1056.796816045523        1.581465487213428         -5.085279246659454        -5.085279246659455        
01 Jan 2000 14:29:00.034   -6886.001196510358        -1359.641638640965        -1359.641638640965        2.035520341731021         -5.006231457662925        -5.006231457662927        
01 Jan 2000 14:30:00.034   -6750.428023244347        -1657.148890456979        -1657.148890456979        2.48222327671434          -4.90740443816625         -4.907404438166252        
01 Jan 2000 14:31:00.034   -6588.314332919675        -1948.140388412921        -1948.140388412921        2.91993179121234          -4.789094039919781        -4.789094039919783        
01 Jan 2000 14:32:00.034   -6400.248689392975        -2231.457534532723        -2231.457534532723        3.347018764316732         -4.651657323437359        -4.651657323437361        
01 Jan 2000 14:33:00.034   -6186.916739670388        -2505.96500250063         -2505.96500250063         3.761875785878243         -4.495513032344354        -4.495513032344356        
01 Jan 2000 14:34:00.034   -5949.099985420678        -2770.55445366619         -2770.55445366619         4.162916727200153         -4.32114209696079         -4.321142096960791        
01 Jan 2000 14:35:00.034   -5687.674332265422        -3024.148283549116        -3024.148283549117        4.548581582697954         -4.129088143080363        -4.129088143080365        
01 Jan 2000 14:36:00.034   -5403.608399734695        -3265.703398346168        -3265.703398346169        4.91734061041174          -3.919957978371           -3.919957978371002        
01 Jan 2000 14:37:00.034   -5097.961573211685        -3494.215019182456        -3494.215019182457        5.267698795546106         -3.694422025322473        -3.694422025322475        
01 Jan 2000 14:38:00.034   -4771.88177786709         -3708.720509881858        -3708.720509881859        5.598200656831923         -3.453214666242015        -3.453214666242017        
01 Jan 2000 14:39:00.034   -4426.602953545909        -3908.303221861645        -3908.303221861647        5.907435410398213         -3.197134462502905        -3.197134462502907        
01 Jan 2000 14:40:00.034   -4063.442208860473        -4092.09634739449         -4092.096347394492        6.194042499958148         -2.927044207150079        -2.927044207150081        
01 Jan 2000 14:41:00.034   -3683.796632412267        -4259.286769940915        -4259.286769940917        6.456717495408047         -2.643870767141027        -2.643870767141029        
01 Jan 2000 14:42:00.034   -3289.139739161574        -4409.118897556156        -4409.118897556158        6.694218354382114         -2.348604669043811        -2.348604669043813        
01 Jan 2000 14:43:00.034   -2881.017530539608        -4540.89846254262         -4540.898462542622        6.905372032887531         -2.042299380034668        -2.042299380034669        
01 Jan 2000 14:44:00.034   -2461.044148004246        -4653.996267584956        -4653.996267584957        7.089081421876382         -1.72607023465544         -1.726070234655441        
01 Jan 2000 14:45:00.034   -2030.897101427461        -4747.85185560871         -4747.851855608712        7.244332576534028         -1.401092957136739        -1.40109295713674         
01 Jan 2000 14:46:00.034   -1592.312056016685        -4821.977077593605        -4821.977077593607        7.370202194253786         -1.068601729304554        -1.068601729304555        
01 Jan 2000 14:47:00.034   -1147.077164454229        -4875.959529604705        -4875.959529604707        7.465865285840439         -0.7298867553082889       -0.7298867553082893