Sat.A1Gregorian            Sat.EarthMJ2000Eq.X       Sat.EarthMJ2000Eq.Y       Sat.EarthMJ2000Eq.Z       Sat.EarthMJ2000Eq.VX      Sat.EarthMJ2000Eq.VY      Sat.EarthMJ2000Eq.VZ      
01 Jan 2000 12:00:00.034   6771                      0                         0                         0                         5.5                       5.5                       
01 Jan 2000 12:01:00.034   6755.334359925479         329.7453974941823         329.7446652387972         -0.5219691753196791       5.487275569935885         5.487238981894518         
01 Jan 2000 12:02:00.034   6708.416151450047         657.9653614081392         657.9595136850678         -1.041316541828027        5.449176871153538         5.449030899079896         
01 Jan 2000 12:03:00.034   6630.480898833236         983.1433439262898         983.1236621103873         -1.555439757457986        5.385925239949277         5.38559829923738          
01 Jan 2000 12:04:00.034   6521.919203429067         1303.780442800017         1303.733969334018         -2.061775077714477        5.297887019509544         5.297309526688969         
01 Jan 2000 12:05:00.034   6383.273867228276         1618.403996096749         1618.313677625586         -2.55781592219494         5.185569798613064         5.184674935067488         
01 Jan 2000 12:06:00.034   6215.235926706809         1925.575909100714         1925.42078440653          -3.0411305881168          5.049617260623027         5.048341700690399         
01 Jan 2000 12:07:00.034   6018.639655648551         2223.900633130038         2223.656063462067         -3.509378865957657        4.890802752039056         4.889087346679816         
01 Jan 2000 12:08:00.034   5794.456609393594         2512.032723333104         2511.670662225323         -3.960327343612556        4.710021703865971         4.707812112029812         
01 Jan 2000 12:09:00.034   5543.788794711664         2788.683911122918         2788.173210352086         -4.391863221754658        4.508283058216187         4.505530319120449         
01 Jan 2000 12:10:00.034   5267.861058961989         3052.629636495791         3051.936384460389         -4.802006502746342        4.28669986640057          4.283360907118682         
01 Jan 2000 12:11:00.034   4968.012799223501         3302.714995732679         3301.802884234478         -5.188920456820627        4.046479233071094         4.04251730707974          
01 Jan 2000 12:12:00.034   4645.689096607649         3537.860070568371         3536.690785755612         -5.550920310744994        3.788911783845546         3.784296837459422         
01 Jan 2000 12:13:00.034   4302.431383042897         3757.064615513173         3755.598248598246         -5.886480144169058        3.515360831475404         3.510069796365883         
01 Jan 2000 12:14:00.034   3939.867747573309         3959.412090327586         3957.607563620938         -6.19423801612733         3.227251408638065         3.221268419857521         
01 Jan 2000 12:15:00.034   3559.702986840842         4144.073034424207         4141.88853822651          -6.472999377600642        2.926059324458755         2.919375864545157         
01 Jan 2000 12:16:00.034   3163.708500178192         4310.307788985736         4307.701224947041         -6.721738854840714        2.61330038768026          2.605915358471929         
01 Jan 2000 12:17:00.034   2753.712123920075         4457.468580675963         4454.398007357118         -6.939600511834555        2.290519922835677         2.282439647564175         
01 Jan 2000 12:18:00.034   2331.587992461756         4585.000987864537         4581.425064415129         -7.125896718610045        1.959282687678093         1.950520846715015         
01 Jan 2000 12:19:00.034   1899.246505575328         4692.444816217772         4688.323240308177         -7.280105765079457        1.621163281264703         1.61174078556689          
01 Jan 2000 12:20:00.034   1458.624472850192         4779.434415303602         4774.72835170794          -7.401868368059058        1.277737113210874         1.267681920036315         
01 Jan 2000 12:21:00.034   1011.67549714444          4845.698471536419         4840.37096804985          -7.490983222408339        0.9305719863249673        0.9199188621800153        
01 Jan 2000 12:22:00.034   560.3606498827907         4891.059315396821         4885.075703076606         -7.547401746423162        0.5812203276055369        0.5700105636389357        
01 Jan 2000 12:23:00.034   106.6394821407145         4915.431782479026         4908.76005751615          -7.571222167355157        0.2312120868096344        0.2194931719996057        
01 Jan 2000 12:24:00.034   -347.5385930977801        4918.821668640259         4911.432853490336         -7.562683085843506        -0.1179516922644653       -0.1301264347654758       
01 Jan 2000 12:25:00.034   -800.242520180107         4901.32381945934          4893.192301181381         -7.522156648793595        -0.4648046348436708       -0.477376442922797        
01 Jan 2000 12:26:00.034   -1249.567401648516        4863.119893469264         4854.223737533373         -7.450141449434484        -0.807920149961978        -0.8208252442001193       
01 Jan 2000 12:27:00.034   -1693.641867626363        4804.475837324801         4794.797075450163         -7.347255261490607        -1.145915922743796        -1.159085949627844        
01 Jan 2000 12:28:00.034   -2130.635006675142        4725.7391093113           4715.264000180277         -7.214227702101147        -1.477457816609126        -1.49082030871149         
01 Jan 2000 12:29:00.034   -2558.762856375849        4627.335685498432         4616.054947458197         -7.051892905722228        -1.801263222800289        -1.81474207166859         
01 Jan 2000 12:30:00.034   -2976.294456455535        4509.766880486865         4497.675895594657         -6.861182279083344        -2.116103898120804        -2.129619835983434        
01 Jan 2000 12:31:00.034   -3381.557471130985        4373.606012170827         4360.705001161227         -6.643117395592411        -2.420808333962621        -2.434279420736181        
01 Jan 2000 12:32:00.034   -3772.943390511244        4219.494937317972         4205.789105269814         -6.398803076580957        -2.714263700757367        -2.727605813229645        
01 Jan 2000 12:33:00.034   -4148.912323433798        4048.140482111963         4033.640134768462         -6.129420696570941        -2.995417412107813        -3.008544732555847        
01 Jan 2000 12:34:00.034   -4507.997396055294        3860.31078916392          3845.031420012691         -5.83622174040137         -3.263278352202124        -3.276103854081571        
01 Jan 2000 12:35:00.034   -4848.808771930094        3656.831599918189         3640.793948268702         -5.520521631603775        -3.51691780884219         -3.529353737545591        
01 Jan 2000 12:36:00.034   -5170.037310241979        3438.582488888402         3421.812569294229         -5.183693843853671        -3.755470152666212        -3.767428499688512        
01 Jan 2000 12:37:00.034   -5470.457879358847        3206.493063786945         3189.022167250238         -4.827164300625629        -3.978133301030033        -3.98952627019652         
01 Jan 2000 12:38:00.034   -5748.932343007265        2961.539143373283         2943.403810840755         -4.452406062291485        -4.184169002634199        -4.1949094673357          
01 Jan 2000 12:39:00.034   -6004.412236160593        2704.738922757449         2685.980891472497         -4.060934294770152        -4.37290297642438         -4.382904927065383        
01 Jan 2000 12:40:00.034   -6235.941147244434        2437.149133963138         2417.815257279303         -3.654301509398834        -4.543724935617534        -4.552903916713707        
01 Jan 2000 12:41:00.034   -6442.656822525993        2159.861207785698         2140.003349074327         -3.234093059882768        -4.696088524967075        -4.704362061528621        
01 Jan 2000 12:42:00.034   -6623.793007605295        1873.997441376346         1853.672342677914         -2.801922878934008        -4.829511196616055        -4.836799209622824        
01 Jan 2000 12:43:00.034   -6778.681039798092        1580.707174546001         1559.976300621845         -2.359429434462103        -4.943574047124843        -4.949799258038006        
01 Jan 2000 12:44:00.034   -6906.751203920882        1281.16297650923          1260.092334950362         -1.908271882879841        -5.037921635519301        -5.043009959883578        
01 Jan 2000 12:45:00.034   -7007.533862583323        976.5568436795021         955.2167817233765         -1.450126395180896        -5.112261799498033        -5.116142729768382        
01 Jan 2000 12:46:00.034   -7080.660370584334        668.0964081788422         646.5613868752274         -0.9866826298918406       -5.166365484269059        -5.168972462047638        
01 Jan 2000 12:47:00.034   -7125.863781415652        357.0011559358403         335.3495022909221         -0.5196403257576303       -5.20006659585773         -5.201337373751472        
01 Jan 2000 12:48:00.034   -7142.979352217882        44.49865261333497         22.8122903284893          -0.05070598605732464      -5.213261888136571        -5.213138881443816        
01 Jan 2000 12:49:00.034   -7131.944851825485        -268.1792248709974        -289.8150654611445        0.4184103742603612        -5.205910890268465        -5.204341518675948        
01 Jan 2000 12:50:00.034   -7092.80067479322         -579.800053793266         -601.2971459883098        0.885998447903377         -5.178035878719323        -5.174972898138783        
01 Jan 2000 12:51:00.034   -7025.689762531155        -889.1346307770358        -910.4020813942172        1.350350850553978         -5.129721895476742        -5.12512372007475         
01 Jan 2000 12:52:00.034   -6930.857330901542        -1194.960739410639        -1215.905337695008        1.809766361738514         -5.061116811596788        -5.054947825972436        
01 Jan 2000 12:53:00.034   -6808.650401861685        -1496.066922958538        -1516.593507924378        2.262553220625709         -4.972431432682281        -4.964662294025887        
01 Jan 2000 12:54:00.034   -6659.517134985364        -1791.256264517431        -1811.268110111288        2.707032505724149         -4.86393964036237         -4.854547570285124        
01 Jan 2000 12:55:00.034   -6484.005952975095        -2079.350176535428        -2098.749393987611        3.141541626811559         -4.735978561286225        -4.724947626845853        
01 Jan 2000 12:56:00.034   -6282.764453602878        -2359.19220102588         -2377.880157723376        3.564437956540067         -4.588948752554288        -4.576270135816593        
01 Jan 2000 12:57:00.034   -6056.538098903893        -2629.651821064231        -2647.529575232296        3.974102627999307         -4.423314389883512        -4.408986645154341        
01 Jan 2000 12:58:00.034   -5806.168670913057        -2889.628283254216        -2906.597033675347        4.368944523052399         -4.239603442134084        -4.223632739771992        
01 Jan 2000 12:59:00.034   -5532.59248179792         -3138.054429786239        -3154.015979712662        4.74740447445127          -4.038407813114183        -4.020808168592122        
01 Jan 2000 13:00:00.034   -5236.838324924716        -3373.900537483483        -3388.757771811726        5.107959702545462         -3.820383428831247        -3.801176915457245        
01 Jan 2000 13:01:00.034   -4920.025152222068        -3596.178159838225        -3609.83553451085         5.449128504770401         -3.586250245581881        -3.565467189016294        
01 Jan 2000 13:02:00.034   -4583.35946220659         -3803.943966480775        -3816.30800896009         5.76947521298437          -3.336792151486129        -3.314471303908929        
01 Jan 2000 13:03:00.034   -4228.132382237635        -3996.303572796469        -4007.283392317551        6.067615430055386         -3.072856731299994        -3.049045422789279        
01 Jan 2000 13:04:00.034   -3855.71642800957         -4172.415350514214        -4181.923156669332        6.342221552816214         -2.795354861619516        -2.770109126006099        
01 Jan 2000 13:05:00.034   -3467.561923008203        -4331.494208037597        -4339.445836071157        6.592028583543825         -2.505260100968217        -2.478644773135839        
01 Jan 2000 13:06:00.034   -3065.193060695965        -4472.815327084282        -4479.130768086889        6.815840226410643         -2.203607836799885        -2.175696618112758        
01 Jan 2000 13:07:00.034   -2650.203592594833        -4595.717839853327        -4600.321773836175        7.012535258842956         -1.891494149228529        -1.862369637494905        
01 Jan 2000 13:08:00.034   -2224.252126256498        -4699.608428470261        -4702.430758077962        7.181074160354419         -1.570074349412826        -1.53982802954389         
01 Jan 2000 13:09:00.034   -1789.057018398405        -4783.964825889834        -4784.941208272709        7.320505973165889         -1.24056114908824         -1.20929334039597         
01 Jan 2000 13:10:00.034   -1346.390850295797        -4848.339194797082        -4847.411568915119        7.429975359768012         -0.904222416887855        -0.8720421727948526       
01 Jan 2000 13:11:00.034   -898.0744749073348        -4892.361358378246        -4889.478464751697        7.508729812545803         -0.5623784769768767       -0.5294034327982144       
01 Jan 2000 13:12:00.034   -445.9706282264746        -4915.741854183198        -4910.859743842639        7.556126959729839         -0.2163989063100269       -0.1827550707253208       
01 Jan 2000 13:13:00.034   8.022898961289059         -4918.274779729691        -4911.357308856396        7.571641900373159         0.1323012113107478        0.1664797254331143        
01 Jan 2000 13:14:00.034   461.9805283362472         -4899.840396077646        -4890.859702568566        7.554874488950419         0.4822656130680694        0.5168369226889762        
01 Jan 2000 13:15:00.034   913.95659460272           -4860.407453410182        -4849.3444113573          7.505556477771017         0.832001800952597         0.8668166556587545        
01 Jan 2000 13:16:00.034   1361.993467751906         -4800.035200789703        -4786.879848638279        7.423558413008073         1.179986629472877         1.214888886602294         
01 Jan 2000 13:17:00.034   1804.130078818951         -4718.875040813804        -4703.626978766047        7.30889616816081          1.524672557170864         1.559499732292035         
01 Jan 2000 13:18:00.034   2238.410823614073         -4617.171788986522        -4599.840541055179        7.161736987662674         1.864494572014557         1.899078467109927         
01 Jan 2000 13:19:00.034   2662.894810971203         -4495.264497359385        -4475.869833358816        6.982404903664209         2.197877788978876         2.232045199854344         
01 Jan 2000 13:20:00.034   3075.665413598027         -4353.586802498361        -4332.159015198113        6.771385381365528         2.523245704475574         2.556819207933485         
01 Jan 2000 13:21:00.034   3474.840070769321         -4192.666759207144        -4169.246891874101        6.52932904329062          2.839029076883135         2.871827897060399         
01 Jan 2000 13:22:00.034   3858.580283061069         -4013.126123783596        -3987.766143412382        6.257054321242678         3.143675385481244         3.175516337477443         
01 Jan 2000 13:23:00.034   4225.101730295646         -3815.679053986972        -3788.441965672158        5.955548887000783         3.435658801964697         3.466357309485003         
01 Jan 2000 13:24:00.034   4572.684435112981         -3601.13019740637         -3572.090095551164        5.625969719652576         3.71349058985941          3.74286177209748          
01 Jan 2000 13:25:00.034   4899.682886385891         -3370.372145571859        -3339.614197961188        5.26964167930422          3.975729828184638         4.003589649604295         
01 Jan 2000 13:26:00.034   5204.536029368892         -3124.382237926318        -3092.002599120473        4.888054474023819         4.220994337288977         4.247160812368326         
01 Jan 2000 13:27:00.034   5485.777023329246         -2864.218707621309        -2830.324358650117        4.482857929366928         4.447971667713299         4.472266111135951         
01 Jan 2000 13:28:00.034   5742.042662775798         -2591.016169909189        -2555.72468186341         4.055855497535311         4.655429998031326         4.677678309296144         
01 Jan 2000 13:29:00.034   5972.082355576162         -2305.980463520436        -2269.41968334143         3.608995975693384         4.842228775728065         4.862262745753239         
01 Jan 2000 13:30:00.034   6174.76655050196          -2010.382865634882        -1972.69052318671         3.144363439487596         5.007328927096346         5.024987553169241         
01 Jan 2000 13:31:00.034   6349.094508278868         -1705.553711627681        -1666.876947986073        2.664165437363047         5.149802458569962         5.16493325299218          
01 Jan 2000 13:32:00.034   6494.201314187857         -1392.875461406808        -1353.370279201828        2.170719532579835         5.268841273426153         5.281301550470744         
01 Jan 2000 13:33:00.034   6609.364036728312         -1073.775264542051        -1033.605902128641        1.66643832141542          5.363765034741081         5.373423160116261         
01 Jan 2000 13:34:00.034   6694.006945780849         -749.7170861848543        -709.0553183679826        1.153813096274737         5.434027917989858         5.440764504920902         
01 Jan 2000 13:35:00.034   6747.70571496665          -422.1934646635791        -381.2178336515455        0.6353963596442199        5.479224114600725         5.482933150918509         
01 Jan 2000 13:36:00.034   6770.190546260264         -92.7169792964568         -51.61196047517384        0.1137834273859522        5.499091970674766         5.499681861940798         
01 Jan 2000 13:37:00.034   6761.348170049336         237.1884868845404         278.233378893456          -0.4084066137068562       5.493516672272708         5.490911186967976         
01 Jan 2000 13:38:00.034   6721.222690340986         565.9966003920088         606.7877591264802         -0.9285503101204435       5.462531419212292         5.456670523348192         
01 Jan 2000 13:39:00.034   6650.015262219029         892.1874549081891         932.5281759403521         -1.444039312855407        5.406317062084727         5.397157632221782         
01 Jan 2000 13:40:00.034   6548.082606444407         1214.256381154275         1253.947894865006         -1.952299618974671        5.325200210929218         5.312716616465993         
01 Jan 2000 13:41:00.034   6415.9343837302           1530.722598394253         1569.565133580971         -2.450810293674348        5.219649857387519         5.203834405050161         
01 Jan 2000 13:42:00.034   6254.229468187055         1840.137620436534         1877.931490328919         -2.937121398557784        5.090272583905385         5.071135819564615         
01 Jan 2000 13:43:00.034   6063.771175232427         2141.093334294965         2177.640036328448         -3.408870875064865        4.937806462462902         4.915377327662619         
01 Jan 2000 13:44:00.034   5845.501513451013         2432.229676592955         2467.33299720064          -3.863800161979013        4.763113770372752         4.737439613206922         
01 Jan 2000 13:45:00.034   5600.494542122576         2712.241841083497         2745.708956811365         -4.29976836122149         4.56717267107737          4.538319113235377         
01 Jan 2000 13:46:00.034   5329.948926124389         2979.886960015884         3011.529526437829         -4.714764805173671        4.351068023046899         4.319118686904208         
01 Jan 2000 13:47:00.034   5035.179787494255         3233.990212183684         3263.625432382898         -5.106919919874613        4.115981489547081         4.0810375910576           
01 Jan 2000 13:48:00.034   4717.60995802982          3473.45032100792          3500.901985787643         -5.474514320027702        3.863181126249959         3.825360941061265         
01 Jan 2000 13:49:00.034   4378.760739922091         3697.244416619676         3722.34390909536          -5.815986112162616        3.594010622541646         3.553448834168845         
01 Jan 2000 13:50:00.034   4020.242281686388         3904.432246303695         3927.019504094539         -6.12993642025475         3.309878366508491         3.266725306550627         
01 Jan 2000 13:51:00.034   3643.743674744916         4094.159727581605         4114.084156446075         -6.41513318245019         3.012246493555539         2.966667284811707         
01 Jan 2000 13:52:00.034   3251.022872176216         4265.661847422668         4282.783180853346         -6.67051329741217         2.702620065179068         2.65479367912049          
01 Jan 2000 13:53:00.034   2843.896525664703         4418.264919391796         4432.454019383602         -6.895183223637009        2.382536508407567         2.332654748796589         
01 Jan 2000 13:54:00.034   2424.229829870367         4551.388217849734         4562.527812766859         -7.088418154603698        2.053555428681872         2.001821853217381         
01 Jan 2000 13:55:00.034   1993.926455615299         4664.545014528866         4672.530370705535         -7.249659906787983        1.717248890260301         1.663877681993716         
01 Jan 2000 13:56:00.034   1554.918644765978         4757.343047886063         4762.082572291829         -7.378513666619739        1.375192239355976         1.320407039290946         
01 Jan 2000 13:57:00.034   1109.157530773401         4829.484459589729         4830.90023156067          -7.474743746771495        1.028955526772332         0.9729882385641491        
01 Jan 2000 13:58:00.034   658.6037397881948         4880.76523537358          4878.793466047317         -7.538268502242246        0.6800955693174222        0.6231851463553434        
01 Jan 2000 13:59:00.034   205.2183183290352         4911.07418935556          4905.665608043351         -7.569154553181922        0.3301486731651954        0.2725398975834433        
01 Jan 2000 14:00:00.034   -249.0459751526602        4920.391531867616         4911.511699145432         -7.567610454919999        -0.01937597213537823      -0.07743370978537389      
01 Jan 2000 14:01:00.034   -702.2529856429562        4908.787060975352         4896.416608774111         -7.533979946874226        -0.3670022329476356       -0.4252561454929755       
01 Jan 2000 14:02:00.034   -1152.491062295099        4876.418017297924         4860.552816718813         -7.468734901545585        -0.7112923188261405       -0.76948741875146         
01 Jan 2000 14:03:00.034   -1597.880529872432        4823.526640581463         4804.17789855463          -7.372468083224772        -1.050851441352424        -1.108731715466423        
01 Jan 2000 14:04:00.034   -2036.580722472004        4750.43746484479          4727.631751089131         -7.245885813845386        -1.384331875153066        -1.441641432420523        
01 Jan 2000 14:05:00.034   -2466.796576571236        4657.554386909246         4631.333592938826         -7.089800631046317        -1.710436457107507        -1.766920645268067        
01 Jan 2000 14:06:00.034   -2886.784785175991        4545.357540841092         4515.778773002211         -6.905124011297874        -2.02792156360835         -2.083328051004399        
01 Jan 2000 14:07:00.034   -3294.859518863646        4414.400008361571         4381.535417076392         -6.692859219170426        -2.335599608249308        -2.389679428034484        
01 Jan 2000 14:08:00.034   -3689.397722841702        4265.304392691492         4229.240940232803         -6.454094332682568        -2.632341103661303        -2.684849658252165        
01 Jan 2000 14:09:00.034   -4068.84400182333         4098.759280658485         4059.598449889279         -6.189995484290002        -2.917076331583423        -2.967774355844665        
01 Jan 2000 14:10:00.034   -4431.715106604749        3915.515615259626         3873.373061844551         -5.901800347549369        -3.188796664810051        -3.237451147025857        
01 Jan 2000 14:11:00.034   -4776.604037767735        3716.3829982837           3671.388148921069         -5.590811890851549        -3.446555583556223        -3.492940643735921        
01 Jan 2000 14:12:00.034   -5102.183782977173        3502.225940090928         3454.52153932791          -5.258392411864004        -3.689469427173241        -3.733367152668154        
01 Jan 2000 14:13:00.034   -5407.2107049511          3273.960071250468         3223.701679434223         -4.905957859434335        -3.91671792014321         -3.957919158915214        
01 Jan 2000 14:14:00.034   -5690.527597399772        3032.548328467745         2979.903773355533         -4.534972443637506        -4.127544508992224        -4.165849621174492        
01 Jan 2000 14:15:00.034   -5951.066426108485        2778.997125109222         2724.145909614613         -4.146943529348028        -4.321256544270205        -4.356476112899887        
01 Jan 2000 14:16:00.034   -6187.850771920475        2514.352514661532         2457.485183155327         -3.74341680412072         -4.497225339120846        -4.529180841104855        
01 Jan 2000 14:17:00.034   -6399.99799170146         2239.696353651333         2181.013819168084         -3.325971707204077        -4.654886133262488        -4.683410571764052        
01 Jan 2000 14:18:00.034   -6586.721112472611        1956.14246890502          1895.855303532268         -2.896217103130125        -4.793737988461729        -4.818676487970835        
01 Jan 2000 14:19:00.034   -6747.330472816975        1664.832832544963         1603.160523195459         -2.455787180454984        -4.913343638835906        -4.934554004214012        
01 Jan 2000 14:20:00.034   -6881.235124424249        1366.933746800789         1304.10391849087          -2.006337553813748        -5.013329316589664        -5.030682557361652        
01 Jan 2000 14:21:00.034   -6987.944005266628        1063.632039559135         999.8796482415917         -1.549541545448174        -5.093384571088846        -5.106765392196529        
01 Jan 2000 14:22:00.034   -7067.066894416848        756.131270581311          691.6977675109777         -1.087086620719118        -5.153262096508093        -5.16256935664209         
01 Jan 2000 14:23:00.034   -7118.315156948997        445.6479474831814         380.7804170302639         -0.6206709507908514       -5.19277758065994         -5.19792471915413         
01 Jan 2000 14:24:00.034   -7141.502285721384        133.4077498930241         68.35802266495979         -0.1520000746356074       -5.211809585020424        -5.212725018127403        
01 Jan 2000 14:25:00.034   -7136.544245145064        -179.3582403207527        -244.3344972314923        0.3172163682709305        -5.210299463405166        -5.20692695057509         
01 Jan 2000 14:26:00.034   -7103.459620306582        -491.4173052312306        -556.0615190867338        0.7852678637302424        -5.18825132421325         -5.18055030477446         
01 Jan 2000 14:27:00.034   -7042.369573053014        -801.5388561424727        -865.5904987162456        1.250446236556713         -5.145732038635506        -5.133677939025223        
01 Jan 2000 14:28:00.034   -6953.497604874726        -1108.498200753794        -1171.695756035548        1.711048881841751         -5.082871294709619        -5.06645580612928         
01 Jan 2000 14:29:00.034   -6837.169124649435        -1411.080314883166        -1473.162262545909        2.165382043198394         -4.999861694586561        -4.97909302066063         
01 Jan 2000 14:30:00.034   -6693.810817553147        -1708.08362120013         -1768.789434009289        2.611764167097939         -4.896958889841272        -4.871861963542742        
01 Jan 2000 14:31:00.034   -6523.949809712732        -1998.323777032047        -2057.394930322228        3.048529361840287         -4.774481747105479        -4.745098415877846        
01 Jan 2000 14:32:00.034   -6328.212621485623        -2280.637472766788        -2337.818464037148        3.474030988884236         -4.63281253371405         -4.599201711370131        
01 Jan 2000 14:33:00.034   -6107.32390061961         -2553.886241677864        -2608.925618261096        3.886645413180561         -4.472397110430713        -4.434634894046021        
01 Jan 2000 14:34:00.034   -5862.104924986998        -2816.960281142159        -2869.611673783949        4.284775937770357         -4.293745115650633        -4.251924865295547        
01 Jan 2000 14:35:00.034   -5593.471863121278        -3068.782284203033        -3118.805444248168        4.666856946197838         -4.097430122764084        -4.051662501538153        
01 Jan 2000 14:36:00.034   -5302.433779432135        -3308.311279250276        -3355.473116967786        5.031358274199514         -3.884089749611333        -3.834502721058152        
01 Jan 2000 14:37:00.034   -4990.090369759993        -3534.546474240599        -3578.622095633525        5.376789829620173         -3.654425696170722        -3.601164475767875        
01 Jan 2000 14:38:00.034   -4657.629411881418        -3746.531100366808        -3787.304839602446        5.701706476517378         -3.409203683816242        -3.352430640856772        
01 Jan 2000 14:39:00.034   -4306.323914721923        -3943.356248399814        -3980.622692764252        6.004713195889633         -3.149253266679941        -3.089147772496378        
01 Jan 2000 14:40:00.034   -3937.528949407348        -4124.164689076608        -4157.72969310394         6.284470531333857         -2.875467482892073        -2.812225701028975        
01 Jan 2000 14:41:00.034   -3552.678144926977        -4288.154666892771        -4317.836352046091        6.539700323142564         -2.588802310793184        -2.522636924418021        
01 Jan 2000 14:42:00.034   -3153.279831133074        -4434.583654486809        -4460.213390476944        6.769191728819436         -2.290275892676156        -2.221415764242286        
01 Jan 2000 14:43:00.034   -2740.912812108405        -4562.772052486143        -4584.195416007927        6.971807521667381         -1.980967486297333        -1.909657244248248        
01 Jan 2000 14:44:00.034   -2317.221753644955        -4672.106817236928        -4689.184523584965        7.146490651928728         -1.662016102386051        -1.588515649531047        
01 Jan 2000 14:45:00.034   -1883.912169745635        -4762.04499628345         -4774.653798984406        7.292271046895356         -1.334618784792298        -1.259202722905324        
01 Jan 2000 14:46:00.034   -1442.744994740079        -4832.11714882696         -4840.15070209849         7.408272617442419         -1.000028488870514        -0.9229854540825475       
01 Jan 2000 14:47:00.034   -995.5307298498657        -4881.930625715449        -4885.300304239517        7.493720428579818         -0.6595515133549386       -0.5811834170438885       
