Sat.A1Gregorian            Sat.EarthMJ2000Eq.X       Sat.EarthMJ2000Eq.Y       Sat.EarthMJ2000Eq.Z       Sat.EarthMJ2000Eq.VX      Sat.EarthMJ2000Eq.VY      Sat.EarthMJ2000Eq.VZ      
01 Jan 2000 12:00:00.034   6771                      0                         0                         0                         5.5                       5.5                       
01 Jan 2000 12:01:00.034   6755.334359926181         329.7453974941936         329.7446652388314         -0.5219691752962915       5.487275569936456         5.487238981896231         
01 Jan 2000 12:02:00.034   6708.416151452844         657.96536140823           657.959513685341          -1.04131654178171         5.449176871155795         5.449030899086709         
01 Jan 2000 12:03:00.034   6630.480898839479         983.1433439265933         983.1236621113046         -1.555439757389637        5.385925239954269         5.385598299252577         
01 Jan 2000 12:04:00.034   6521.91920344004          1303.780442800726         1303.733969336177         -2.061775077625397        5.297887019518214         5.297309526715666         
01 Jan 2000 12:05:00.034   6383.273867245174         1618.403996098109         1618.313677629764         -2.557815922086785        5.185569798626211         5.184674935108571         
01 Jan 2000 12:06:00.034   6215.235926730719         1925.575909103014         1925.420784413672         -3.041130587991515        5.049617260641287         5.048341700748483         
01 Jan 2000 12:07:00.034   6018.639655680439         2223.900633133599         2223.656063473262         -3.509378865817407        4.890802752062887         4.889087346757208         
01 Jan 2000 12:08:00.034   5794.456609434289         2512.032723338268         2511.670662241791         -3.96032734345965         4.710021703895649         4.707812112128487         
01 Jan 2000 12:09:00.034   5543.788794761855         2788.683911130042         2788.173210375154         -4.391863221591472        4.508283058251813         4.505530319242043         
01 Jan 2000 12:10:00.034   5267.861059022219         3052.62963650523          3051.936384491473         -4.802006502575244        4.286699866442097         4.283360907264497         
01 Jan 2000 12:11:00.034   4968.012799294177         3302.714995744783         3301.802884275063         -5.188920456643917        4.046479233118357         4.042517307250764         
01 Jan 2000 12:12:00.034   4645.689096689041         3537.860070583476         3536.690785807233         -5.550920310564846        3.788911783898298         3.784296837656349         
01 Jan 2000 12:13:00.034   4302.43138313515          3757.0646155316           3755.598248662471         -5.886480143987488        3.515360831533361         3.510069796589159         
01 Jan 2000 12:14:00.034   3939.867747676452         3959.41209034964          3957.607563699356         -6.194238015946167        3.227251408700956         3.221268420107377         
01 Jan 2000 12:15:00.034   3559.702986954801         4144.073034450178         4141.888538320719         -6.472999377421522        2.926059324526369         2.919375864821656         
01 Jan 2000 12:16:00.034   3163.7085003028           4310.307789015902         4307.701225058638         -6.721738854665093        2.613300387752497         2.60591535877501          
01 Jan 2000 12:17:00.034   2753.712124055082         4457.468580710604         4454.398007487695         -6.939600511663728        2.290519922912585         2.282439647893697         
01 Jan 2000 12:18:00.034   2331.587992606839         4585.000987903938         4581.425064566266         -7.125896718445198        1.959282687759908         1.95052084707079          
01 Jan 2000 12:19:00.034   1899.246505730094         4692.444816262239         4688.323240481444         -7.280105764921709        1.621163281351869         1.611740785948716         
01 Jan 2000 12:20:00.034   1458.624473014181         4779.434415353477         4774.728351904892         -7.401868367909527        1.277737113304063         1.267681920443992         
01 Jan 2000 12:21:00.034   1011.675497317126         4845.698471592088         4840.370968272035         -7.490983222268208        0.930571986425079         0.9199188626133598        
01 Jan 2000 12:22:00.034   560.3606500635701         4891.059315458732         4885.075703325559         -7.547401746293748        0.5812203277136901        0.570010564097777         
01 Jan 2000 12:23:00.034   106.6394823289001         4915.4317825477           4908.760057793394         -7.571222167237973        0.2312120869271453        0.2194931724837746        
01 Jan 2000 12:24:00.034   -347.538592902974         4918.821668716302         4911.432853797386         -7.562683085740329        -0.117951692136117        -0.1301264342561694       
01 Jan 2000 12:25:00.034   -800.242519979582         4901.323819543449         4893.192301519738         -7.522156648706514        -0.4648046347028859       -0.4773764423885963       
01 Jan 2000 12:26:00.034   -1249.56740144331         4863.119893562234         4854.223737904522         -7.450141449365946        -0.8079201498070907       -0.8208252436413603       
01 Jan 2000 12:27:00.034   -1693.64186741767         4804.475837427529         4794.797075855562         -7.347255261443445        -1.145915922573135        -1.159085949045003        
01 Jan 2000 12:28:00.034   -2130.635006464341        4725.739109424782         4715.264000621352         -7.214227702078596        -1.477457816421082        -1.490820308105237        
01 Jan 2000 12:29:00.034   -2558.762856164522        4627.335685623756         4616.054947936327         -7.051892905727918        -1.801263222593384        -1.814742071039841        
01 Jan 2000 12:30:00.034   -2976.294456245498        4509.766880625201         4497.675896111157         -6.861182279121283        -2.116103897893757        -2.129619835333406        
01 Jan 2000 12:31:00.034   -3381.5574709243          4373.606012323415         4360.70500171733          -6.643117395666947        -2.420808333714424        -2.434279420066448        
01 Jan 2000 12:32:00.034   -3772.943390310244        4219.494937486103         4205.789105866644         -6.398803076696733        -2.714263700487345        -2.727605812542187        
01 Jan 2000 12:33:00.034   -4148.912323241103        4048.140482296959         4033.640135407012         -6.12942069673282         -2.995417411815688        -3.008544731853092        
01 Jan 2000 12:34:00.034   -4507.997395873821        3860.310789367104         3845.031420693794         -5.836221740614355        -3.263278351888063        -3.276103853366435        
01 Jan 2000 12:35:00.034   -4848.80877176306         3656.831600140858         3640.793948992999         -5.52052163187292         -3.516917808506852        -3.529353736821505        
01 Jan 2000 12:36:00.034   -5170.037310092904        3438.582489131802         3421.812570062143         -5.183693844183974        -3.75547015231078         -3.767428498959439        
01 Jan 2000 12:37:00.034   -5470.457879231547        3206.493064052232         3189.022168061934         -4.827164301021926        -3.978133300656236        -3.989526269466964        
01 Jan 2000 12:38:00.034   -5748.932342905838        2961.539143661493         2943.403811696115         -4.452406062758337        -4.184169002244321        -4.194909466610699        
01 Jan 2000 12:39:00.034   -6004.412236089399        2704.738923069464         2685.980892371083         -4.060934295311728        -4.372902976021258        -4.382904926350494        
01 Jan 2000 12:40:00.034   -6235.94114720807         2437.149134299656         2417.815258220328         -3.654301510018798        -4.543724935204544        -4.552903916014975        
01 Jan 2000 12:41:00.034   -6442.656822529255        2159.861208147195         2140.00335005663          -3.234093060584165        -4.696088524548103        -4.704362060852536        
01 Jan 2000 12:42:00.034   -6623.793007653145        1873.997441763053         1853.672343699932         -2.801922879719166        -4.829511196195461        -4.836799208976275        
01 Jan 2000 12:43:00.034   -6778.681039895601        1580.707174957874         1559.97630168159          -2.359429435332531        -4.943574046707407        -4.949799257428213        
01 Jan 2000 12:44:00.034   -6906.751204073194        1281.162976945927         1260.092336045406         -1.908271883836148        -5.037921635110166        -5.043009959318022        
01 Jan 2000 12:45:00.034   -7007.533862795583        976.5568441403623         955.2167828508348         -1.450126396222712        -5.112261799102637        -5.116142729254719        
01 Jan 2000 12:46:00.034   -7080.660370861636        668.0964086628733         646.5613880317551         -0.986682631017766        -5.166365483893052        -5.168972461593614        
01 Jan 2000 12:47:00.034   -7125.863781762973        357.0011564417057         335.3495034727082         -0.5196403269651864       -5.200066595506895        -5.201337373364828        
01 Jan 2000 12:48:00.034   -7142.979352640018        44.49865313934941         22.81229153126134         -0.05070598734293012      -5.213261887816742        -5.213138881132187        
01 Jan 2000 12:49:00.034   -7131.944852326983        -268.1792243268684        -289.8150642421118        0.4184103729013995        -5.205910889985431        -5.204341518446768        
01 Jan 2000 12:50:00.034   -7092.800675378314        -579.8000532334005        -601.2971447581787        0.8859984464768559        -5.178035878478734        -5.174972897999177        
01 Jan 2000 12:51:00.034   -7025.689763203697        -889.1346302041447        -910.402080158566         1.350350849066769         -5.129721895284024        -5.125123720031432        
01 Jan 2000 12:52:00.034   -6930.857331664943        -1194.96073882775         -1215.905336459803        1.809766360198523         -5.061116811457053        -5.054947826031617        
01 Jan 2000 12:53:00.034   -6808.650402718849        -1496.066922368973        -1516.593506695941        2.262553219041808         -4.97243143260024         -4.964662294193176        
01 Jan 2000 12:54:00.034   -6659.517135938639        -1791.256263924781        -1811.268108896257        2.707032504106104         -4.863939640342253        -4.85454757056544         
01 Jan 2000 12:55:00.034   -6484.005954026215        -2079.350175943523        -2098.749392792895        3.141541625169936         -4.735978561331718        -4.724947627243347        
01 Jan 2000 12:56:00.034   -6282.764454752921        -2359.192200438751        -2377.88015655611         3.564437954886125         -4.58894875266846         -4.576270136334577        
01 Jan 2000 12:57:00.034   -6056.538100153247        -2629.651820486074        -2647.529574099786        3.974102626344882         -4.423314390068763        -4.408986645795221        
01 Jan 2000 12:58:00.034   -5806.168672261385        -2889.628282689351        -2906.597032585016        4.368944521409772         -4.239603442392105        -4.223632740537224        
01 Jan 2000 12:59:00.034   -5532.592483244138        -3138.054429239064        -3154.015978671988        4.747404472833037         -4.038407813445925        -4.020808169482169        
01 Jan 2000 13:00:00.034   -5236.838326466978        -3373.900536958431        -3388.757770828189        5.107959700964391         -3.820383429236899        -3.801176916471556        
01 Jan 2000 13:01:00.034   -4920.02515385776         -3596.178159339717        -3609.835533591862        5.44912850323929          -3.586250246060869        -3.565467190153289        
01 Jan 2000 13:02:00.034   -4583.359463932332        -3803.943966013175        -3816.30800811294         5.769475211515905         -3.336792152037115        -3.314471305166002        
01 Jan 2000 13:03:00.034   -4228.132384049293        -3996.303572364037        -4007.283391549339        6.067615428662006         -3.072856731920901        -3.049045424162809        
01 Jan 2000 13:04:00.034   -3855.716429902277        -4172.415350121067        -4181.923155986912        6.342221551509972         -2.795354862307553        -2.770109127491484        
01 Jan 2000 13:05:00.034   -3467.561924976379        -4331.494207687661        -4339.445835481079        6.592028582336261         -2.505260101719928        -2.478644774727528        
01 Jan 2000 13:06:00.034   -3065.19306273336         -4472.81532678126         -4479.130767595342        6.815840225312672         -2.203607837611193        -2.175696619804304        
01 Jan 2000 13:07:00.034   -2650.203594694562        -4595.717839600657        -4600.321773448936        7.012535257864765         -1.891494150094799        -1.862369639279027        
01 Jan 2000 13:08:00.034   -2224.252128411089        -4699.60842827109         -4702.430757800351        7.181074159505374         -1.570074350328936        -1.539828031412536        
01 Jan 2000 13:09:00.034   -1789.057020599849        -4783.964825746988        -4784.941208109535        7.320505972454459         -1.24056115004865         -1.209293342340395        
01 Jan 2000 13:10:00.034   -1346.390852535608        -4848.339194713043        -4847.411568870653        7.429975359201714         -0.9042224178866815       -0.8720421748056985       
01 Jan 2000 13:11:00.034   -898.0744771766042        -4892.361358355137        -4889.478464829628        7.508729812131162         -0.5623784780079741       -0.5294034348655907       
01 Jan 2000 13:12:00.034   -445.9706305159327        -4915.741854222763        -4910.859744046051        7.556126959472357         -0.2163989073670608       -0.1827550728388881       
01 Jan 2000 13:13:00.034   8.022896661211291         -4918.274779833295        -4911.357309187741        7.571641900277308         0.1323012102342265        0.1664797232840619        
01 Jan 2000 13:14:00.034   461.980526035356          -4899.840396246263        -4890.859703029644        7.554874489019642         0.4822656119785561        0.5168369205154317        
01 Jan 2000 13:15:00.034   913.9565923109978         -4860.407453644399        -4849.344411949244        7.505556478007748         0.8320017998565709        0.8668166534719234        
01 Jan 2000 13:16:00.034   1361.993465479451         -4800.035201089716        -4786.879849361548        7.423558413413764         1.179986628376747         1.214888884413523         
01 Jan 2000 13:17:00.034   1804.130076575922         -4718.875041179431        -4703.626979620414        7.308896168735962         1.524672556080922         1.559499730112753         
01 Jan 2000 13:18:00.034   2238.410821410629         -4617.171789417206        -4599.840542039733        7.161736988406881         1.864494570936944         1.899078464951582         
01 Jan 2000 13:19:00.034   2662.894808817452         -4495.264497854206        -4475.869834471957        6.982404904576199         2.197877787919554         2.232045197728361         
01 Jan 2000 13:20:00.034   3075.665411503978         -4353.586803056049        -4332.159016437558        6.771385382443204         2.523245703440308         2.55681920585122          
01 Jan 2000 13:21:00.034   3474.840068744834         -4192.666759826085        -4169.246893236888        6.5293290445311           2.839029075877487         2.871827895033102         
01 Jan 2000 13:22:00.034   3858.580281115806         -4013.126124461854        -3987.76614489488         6.257054322642328         3.143675384510566         3.175516335516227         
01 Jan 2000 13:23:00.034   4225.10172843903          -3815.679054722293        -3788.441967270071        5.955548888555247         3.435658801034138         3.466357307600815         
01 Jan 2000 13:24:00.034   4572.684433354152         -3601.130198196196        -3572.090097259549        5.625969721356786         3.713490588973922         3.742861770301072         
01 Jan 2000 13:25:00.034   4899.682884733665         -3370.372146413343        -3339.614199774458        5.269641681152414         3.975729827348984         4.003589647906199         
01 Jan 2000 13:26:00.034   5204.536027831717         -3124.382238816332        -3092.002601032423        4.888054476009538         4.220994336507737         4.247160810778818         
01 Jan 2000 13:27:00.034   5485.777021915162         -2864.218708556454        -2830.324360653929        4.482857931483009         4.447971666990878         4.472266109665018         
01 Jan 2000 13:28:00.034   5742.042661492394         -2591.016170885809        -2555.72468395168         4.05585549977388          4.655429997371944         4.677678307953438         
01 Jan 2000 13:29:00.034   5972.082354430534         -2305.980464534627        -2269.419685506182        3.608995978045839         4.842228775135756         4.86226274454803          
01 Jan 2000 13:30:00.034   6174.766549500665         -2010.382866682503        -1972.690525419428        3.144363441944597         5.007328926574936         5.02498755211036          
01 Jan 2000 13:31:00.034   6349.094507427878         -1705.553712704368        -1666.876950277724        2.664165439914505         5.149802458123051         5.164933252087952         
01 Jan 2000 13:32:00.034   6494.201313492519         -1392.875462507991        -1353.370281542898        2.170719535214915         5.268841273057076         5.281301549728913         
01 Jan 2000 13:33:00.034   6609.3640361933           -1073.775265662967        -1033.605904509169        1.666438324122547         5.36376503445287          5.373423159543912         
01 Jan 2000 13:34:00.034   6694.00694541012          -749.7170873205692        -709.0553207776073        1.153813099041624         5.434027917785195         5.440764504524375         
01 Jan 2000 13:35:00.034   6747.705714763403         -422.1934658090094        -381.2178360795472        0.6353963624579108        5.479224114481887         5.482933150703313         
01 Jan 2000 13:36:00.034   6770.190546226903         -92.71698044639574        -51.61196291053001        0.1137834302328802        5.49909197064358          5.499681861911526         
01 Jan 2000 13:37:00.034   6761.348170187436         237.188485735394          278.2333764620138         -0.4084066108407864       5.493516672330488         5.490911187128226         
01 Jan 2000 13:38:00.034   6721.222690651263         565.9965992490186         606.7877567104047         -0.9285503072497571       5.4625314193598           5.456670523700493         
01 Jan 2000 13:39:00.034   6650.015262701314         892.187453776747          932.528173551214          -1.44403930999494         5.406317062322131         5.39715763276753          
01 Jan 2000 13:40:00.034   6548.082607097637         1214.256380039764         1253.947892514425         -1.952299616139438        5.325200211256058         5.312716617205404         
01 Jan 2000 13:41:00.034   6415.934384552411         1530.722597302009         1569.565131280543         -2.450810290879397        5.219649857802692         5.203834405982246         
01 Jan 2000 13:42:00.034   6254.229469175381         1840.137619371809         1877.931488090144         -2.937121395818042        5.090272584407139         5.071135820687158         
01 Jan 2000 13:43:00.034   6063.771176383115         2141.093333262884         2177.640034162656         -3.408870872394985        4.937806463048847         4.915377328972192         
01 Jan 2000 13:44:00.034   5845.501514759441         2432.229675598483         2467.332995118922         -3.863800159393212        4.763113771039885         4.737439614698909         
01 Jan 2000 13:45:00.034   5600.494543583287         2712.241840131401         2745.708954824498         -4.299768358733409        4.567172671822121         4.538319114904021         
01 Jan 2000 13:46:00.034   5329.948927731127         2979.8869591107           3011.529524556212         -4.714764802796236        4.351068023865183         4.319118688742679         
01 Jan 2000 13:47:00.034   5035.179789240013         3233.990211329692         3263.625430616491         -5.106919917619915        4.115981490434368         4.081037593058079         
01 Jan 2000 13:48:00.034   4717.609959906896         3473.450320209113         3500.901984145909         -5.474514317906897        3.863181127201355         3.825360943215037         
01 Jan 2000 13:49:00.034   4378.760741922142         3697.244415879748         3722.343907587215         -5.815986110185853        3.594010623551976         3.553448836466407         
01 Jan 2000 13:50:00.034   4020.242283800494         3904.432245626021         3927.019502728309         -6.129936418431116        3.309878367572391         3.266725308981805         
01 Jan 2000 13:51:00.034   3643.743676963643         4094.159726969236         4114.084155229458         -6.415133180787684        3.012246494667544         2.96666728736577          
01 Jan 2000 13:52:00.034   3251.022874489685         4265.661846878325         4282.78317979338          -6.6705132959177          2.702620066333703         2.654793681786269         
01 Jan 2000 13:53:00.034   2843.89652806265          4418.264918917876         4432.454018486646         -6.895183222316419        2.382536509599424         2.332654751562592         
01 Jan 2000 13:54:00.034   2424.22983234221          4551.388217448309         4562.527812038578         -7.088418153461808        2.053555429905687         2.001821856071897         
01 Jan 2000 13:55:00.034   1993.926458150196         4664.545014201701         4672.530370150884         -7.249659905828656        1.717248891511013         1.663877684924912         
01 Jan 2000 13:56:00.034   1554.91864735288          4757.343047634627         4762.082571915054         -7.378513665845958        1.375192240628777         1.320407042286953         
01 Jan 2000 13:57:00.034   1109.157533401107         4829.48445941521          4830.900231365304         -7.474743746185449        1.028955528062699         0.9729882416131284        
01 Jan 2000 13:58:00.034   658.6037424453929         4880.765235276904         4878.793466036184         -7.538268501845428        0.6800955706211368        0.623185149445548         
01 Jan 2000 13:59:00.034   205.2183210043418         4911.074189337408         4905.665608218577         -7.569154552975224        0.3301486744783466        0.2725399007032563        
01 Jan 2000 14:00:00.034   -249.0459724706661        4920.391531928445         4911.511699508449         -7.567610454903811        -0.01937597081640424      -0.07743370664741264      
01 Jan 2000 14:01:00.034   -702.2529829657063        4908.787061115409         4896.416609325668         -7.533979947048523        -0.3670022316261806       -0.4252561423481564       
01 Jan 2000 14:02:00.034   -1152.491059634013        4876.418017517266         4860.552817458987         -7.468734901910008        -0.7112923175053111       -0.7694874156109036       
01 Jan 2000 14:03:00.034   -1597.8805272389          4823.526640879963         4804.177899482836         -7.372468083778698        -1.050851440035139        -1.10873171234109         
01 Jan 2000 14:04:00.034   -2036.580719877373        4750.437465222152         4727.631752204129         -7.245885814587978        -1.384331873842109        -1.441641429321236        
01 Jan 2000 14:05:00.034   -2466.796574026795        4657.554387365009         4631.333594238732         -7.089800631976563        -1.71043645580559         -1.766920642205533        
01 Jan 2000 14:06:00.034   -2886.784782692966        4545.357541374631         4515.778774484501         -6.905124012414608        -2.027921562318177        -2.08332804798924         
01 Jan 2000 14:07:00.034   -3294.859516453188        4414.400008972099         4381.535418737906         -6.692859220472331        -2.335599606973636        -2.389679425077271        
01 Jan 2000 14:08:00.034   -3689.397720514877        4265.304393378054         4229.240942069749         -6.454094334168161        -2.632341102403006        -2.684849655363446        
01 Jan 2000 14:09:00.034   -4068.843999591109        4098.759281419948         4059.59845189723          -6.189995485957605        -2.917076330345552        -2.967774353034992        
01 Jan 2000 14:10:00.034   -4431.715104477998        3915.515616094667         3873.373064018447         -5.90180034939706         -3.188796663595886        -3.237451144305814        
01 Jan 2000 14:11:00.034   -4776.604035757194        3716.382999190791         3671.388151255213         -5.590811892877107        -3.446555582369316        -3.492940641116133        
01 Jan 2000 14:12:00.034   -5102.183781093437        3502.22594106832          3454.521541815967         -5.25839241406484         -3.689469426017452        -3.733367150159304        
01 Jan 2000 14:13:00.034   -5407.210703204596        3273.96007229617          3223.701682069214         -4.90595786180741         -3.916717919022732        -3.957919156528035        
01 Jan 2000 14:14:00.034   -5690.527595800733        3032.548329579504         2979.903776129836         -4.534972446179252        -4.127544507911595        -4.16584961891976         
01 Jan 2000 14:15:00.034   -5951.066424666908        2778.997126284502         2724.145912519956         -4.146943532054254        -4.321256543234311        -4.356476110788392        
01 Jan 2000 14:16:00.034   -6187.850770646085        2514.352515897495         2457.485186182793         -3.743416806986531        -4.497225338134909        -4.529180839147379        
01 Jan 2000 14:17:00.034   -6399.997990603666        2239.696354944816         2181.01382230811          -3.325971710223783        -4.654886132332038        -4.683410569971315        
01 Jan 2000 14:18:00.034   -6586.721111560455        1956.142470252519         1895.85530677465          -2.896217106297164        -4.793737987592578        -4.818676486353446        
01 Jan 2000 14:19:00.034   -6747.330472099077        1664.832833942622         1603.160526529363         -2.455787183761843        -4.913343638034093        -4.9345540027824          
01 Jan 2000 14:20:00.034   -6881.235123908747        1366.933748244382         1304.103921904842         -2.006337557251905        -5.013329315861403        -5.030682556125996        
01 Jan 2000 14:21:00.034   -6987.944004961117        1063.632041044059         999.879651723577          -1.549541549008043        -5.093384570440458        -5.106765391166673        
01 Jan 2000 14:22:00.034   -7067.066894328314        756.1312721025835         691.6977710483434         -1.087086624390007        -5.15326209594593         -5.162569355827457        
01 Jan 2000 14:23:00.034   -7118.315157083755        445.6479490354388         380.7804206098268         -0.6206709545609433       -5.192777580190307        -5.197924718563622        
01 Jan 2000 14:24:00.034   -7141.502286085003        133.4077514705289         68.35802627302053         -0.1520000784919484       -5.211809584649491        -5.212725017769307        
01 Jan 2000 14:25:00.034   -7136.544245742302        -179.3582387241024        -244.3344936091093        0.3172163643424203        -5.210299463138881        -5.206926950456973        
01 Jan 2000 14:26:00.034   -7103.459621141319        -491.4173036218845        -556.0615154646341        0.7852678597447423        -5.188251324057245        -5.180550304903072        
01 Jan 2000 14:27:00.034   -7042.369574128188        -801.5388545272066        -865.5904951094126        1.250446232530457         -5.145732038595007        -5.133677939406391        
01 Jan 2000 14:28:00.034   -6953.497606192269        -1108.498199139683        -1171.695752459285        1.711048877791965         -5.082871294789355        -5.066455806767816        
01 Jan 2000 14:29:00.034   -6837.169126210219        -1411.080313277552        -1473.162259015775        2.165382039143216         -4.999861694790677        -4.979093021560232        
01 Jan 2000 14:30:00.034   -6693.810819356931        -1708.083619610583        -1768.789430541028        2.611764163056324         -4.896958890173251        -4.87186196470591         
01 Jan 2000 14:31:00.034   -6523.949811758115        -1998.323775466325        -2057.394926931698        3.048529357831889         -4.774481747568065        -4.745098417305802        
01 Jan 2000 14:32:00.034   -6328.212623770009        -2280.637471232789        -2337.81846074024         3.474030984929291         -4.632812534309183        -4.599201713062745        
01 Jan 2000 14:33:00.034   -6107.323903139173        -2553.88624018358         -2608.925615073649        3.886645409299736         -4.472397111159469        -4.434634896001758        
01 Jan 2000 14:34:00.034   -5862.104927736662        -2816.960279695615        -2869.611670721668        4.284775933984613         -4.293745116513181        -4.251924867511413        
01 Jan 2000 14:35:00.034   -5593.471866094706        -3068.782282812238        -3118.805441326535        4.66685694252826          -4.097430123759647        -4.051662504009663        
01 Jan 2000 14:36:00.034   -5302.433782621725        -3308.311277923164        -3355.473114201968        5.031358270667153         -3.884089750738166        -3.834502723779309        
01 Jan 2000 14:37:00.034   -4990.090373156886        -3534.54647298497         -3578.622093038281        5.376789826245875         -3.654425697426102        -3.601164478731159        
01 Jan 2000 14:38:00.034   -4657.629415475513        -3746.531099190267        -3787.304837192041        5.701706473321614         -3.40920368519647         -3.352430644053152        
01 Jan 2000 14:39:00.034   -4306.323918501908        -3943.356247309719        -3980.622690552363        6.004713192892331         -3.149253268180357        -3.08914777591533         
01 Jan 2000 14:40:00.034   -3937.528953360735        -4124.164688080004        -4157.729691103568        6.284470528554237         -2.875467484507086        -2.81222570465852         
01 Jan 2000 14:41:00.034   -3552.67814904015         -4288.154665996348        -4317.836350269478        6.53970032059898          -2.588802312516306        -2.522636928244772        
01 Jan 2000 14:42:00.034   -3153.279835391344        -4434.583653696835        -4460.21338893549         6.769191726529225         -2.290275894500057        -2.221415768251513        
01 Jan 2000 14:43:00.034   -2740.912816496078        -4562.772051808426        -4584.195414712103        6.971807519646723         -1.980967488213901        -1.909657248423948        
01 Jan 2000 14:44:00.034   -2317.221758145405        -4672.106816676765        -4689.184522544252        7.146490650192522         -1.662016104386456        -1.588515653856037        
01 Jan 2000 14:45:00.034   -1883.912174341382        -4762.044995845591        -4774.653798207217        7.292271045457107         -1.334618786867071        -1.259202727361329        
01 Jan 2000 14:46:00.034   -1442.744999412878        -4832.117148515569        -4840.150701592112        7.408272616314139         -1.000028491009626        -0.9229854586503068       
01 Jan 2000 14:47:00.034   -995.5307345807972        -4881.930625534073        -4885.300304010056        7.493720427771945         -0.6595515155478856       -0.5811834217032621       
