time		x_position		y_position		z_position		x_velocity		y_velocity		z_velocity
0.0	149600000.0	0.0	0.0	0.0	29.8	0.0
3100.3100310031004	149599971.49260318	92389.2330554058	0.0	-0.018390029145499025	29.79999432138753	0.0
6200.620062006201	149599885.9704236	184778.4308998955	0.0	-0.03678005126660989	29.799977285552306	0.0
9300.930093009301	149599743.43349397	277167.5583225664	0.0	-0.05517005933894713	29.799948892500858	0.0
12401.240124012402	149599543.88186866	369556.58011254284	0.0	-0.07356004633813075	29.799909142244086	0.0
15501.550155015502	149599287.3156239	461945.46105898987	0.0	-0.09195000523978891	29.79985803479724	0.0
18601.860186018603	149598973.73485774	554334.1659511264	0.0	-0.11033992901956063	29.79979557017992	0.0
21702.170217021703	149598603.13968992	646722.6595782388	0.0	-0.12872981065309852	29.799721748416104	0.0
24802.480248024804	149598175.53026202	739110.9067296948	0.0	-0.14711964311607156	29.79963656953411	0.0
27902.790279027904	149597690.90673736	831498.8721949565	0.0	-0.16550941938416766	29.79954003356661	0.0
31003.100310031004	149597149.26930106	923886.5207635942	0.0	-0.18389913243309658	29.79943214055066	0.0
34103.410341034105	149596550.61816	1016273.8172252993	0.0	-0.2022887752385925	29.79931289052764	0.0
37203.720372037205	149595894.95354286	1108660.726369899	0.0	-0.2206783407764168	29.799182283543313	0.0
40304.030403040306	149595182.27570003	1201047.212987369	0.0	-0.23906782202236077	29.799040319647784	0.0
43404.340434043406	149594412.5849038	1293433.241867846	0.0	-0.2574572119522483	29.79888699889552	0.0
46504.65046504651	149593585.88144812	1385818.777801644	0.0	-0.2758465035419387	29.79872232134535	0.0
49604.96049604961	149592702.16564876	1478203.7855792653	0.0	-0.29423568976732917	29.79854628706045	0.0
52705.27052705271	149591761.43784332	1570588.2299914148	0.0	-0.31262476360435804	29.79835889610836	0.0
55805.58055805581	149590763.69839108	1662972.0758290133	0.0	-0.3310137180290067	29.798160148560985	0.0
58905.89058905891	149589708.94767314	1755355.287883212	0.0	-0.34940254601730314	29.797950044494574	0.0
62006.20062006201	149588597.18609244	1847737.8309454047	0.0	-0.36779124054532414	29.797728583989734	0.0
65106.51065106511	149587428.4140736	1940119.669807242	0.0	-0.38617979458919804	29.797495767131437	0.0
68206.82068206821	149586202.63206303	2032500.7692606444	0.0	-0.4045682011251077	29.797251594009005	0.0
71307.13071307131	149584919.84052894	2124881.094097817	0.0	-0.422956453129293	29.796996064716126	0.0
74407.44074407441	149583580.03996134	2217260.609111261	0.0	-0.4413445435780537	29.796729179350834	0.0
77507.75077507751	149582183.23087198	2309639.279093789	0.0	-0.45973246544775204	29.79645093801553	0.0
80608.06080608061	149580729.4137944	2402017.0688385377	0.0	-0.4781202117148155	29.796161340816962	0.0
83708.37083708371	149579218.5892839	2494393.9431389812	0.0	-0.4965077753557397	29.795860387866245	0.0
86808.68086808681	149577650.75791758	2586769.866788945	0.0	-0.5148951493470907	29.79554807927884	0.0
89908.99089908991	149576025.92029428	2679144.80458262	0.0	-0.5332823266655081	29.795224415174577	0.0
93009.30093009301	149574344.07703465	2771518.721314574	0.0	-0.5516693002877077	29.794889395677632	0.0
96109.61096109611	149572605.22878107	2863891.5817797678	0.0	-0.5700560631904839	29.794543020916546	0.0
99209.92099209921	149570809.37619776	2956263.350773567	0.0	-0.5884426083507129	29.794185291024213	0.0
102310.23102310231	149568956.5199707	3048633.993091755	0.0	-0.6068289287453551	29.79381620613788	0.0
105410.54105410542	149567046.66080752	3141003.4735305496	0.0	-0.625215017351458	29.793435766399153	0.0
108510.85108510852	149565079.7994378	3233371.7568866126	0.0	-0.6436008671461585	29.793043971954006	0.0
111611.16111611162	149563055.9366128	3325738.8079570658	0.0	-0.6619864711066864	29.792640822952748	0.0
114711.47114711472	149560975.0731056	3418104.591539503	0.0	-0.6803718222103663	29.79222631955006	0.0
117811.78117811782	149558837.20971096	3510469.072432006	0.0	-0.6987569134346209	29.791800461904977	0.0
120912.09120912092	149556642.3472455	3602832.2154331547	0.0	-0.7171417377569732	29.791363250180883	0.0
124012.40124012402	149554390.48654762	3695193.985342043	0.0	-0.7355262881550497	29.790914684545527	0.0
127112.71127112712	149552081.6284774	3787554.3469582917	0.0	-0.7539105576065832	29.79045476517101	0.0
130213.02130213022	149549715.77391675	3879913.2650820618	0.0	-0.7722945390894148	29.789983492233787	0.0
133313.33133313333	149547292.92376938	3972270.704514068	0.0	-0.7906782255814973	29.789500865914675	0.0
136413.64136413642	149544813.07896072	4064626.630055593	0.0	-0.8090616100608975	29.789006886398845	0.0
139513.9513951395	149542276.24043798	4156981.006508499	0.0	-0.8274446855057993	29.788501553875818	0.0
142614.26142614262	149539682.4091702	4249333.798675245	0.0	-0.8458274448945061	29.78798486853948	0.0
145714.57145714574	149537031.58614808	4341684.971358893	0.0	-0.8642098812054438	29.78745683058806	0.0
148814.88148814882	149534323.77238417	4434034.489363132	0.0	-0.8825919874171632	29.78691744022416	0.0
151915.1915191519	149531558.96891272	4526382.317492284	0.0	-0.9009737565083429	29.78636669765472	0.0
155015.50155015502	149528737.17678985	4618728.420551316	0.0	-0.9193551814577919	29.785804603091048	0.0
158115.81158115814	149525858.3970934	4711072.763345863	0.0	-0.9377362552444527	29.785231156748804	0.0
161216.12161216122	149522922.63092288	4803415.310682228	0.0	-0.9561169708474033	29.784646358847997	0.0
164316.4316431643	149519929.87939972	4895756.027367409	0.0	-0.9744973212458607	29.784050209613	0.0
167416.74167416742	149516880.14366704	4988094.878209106	0.0	-0.9928772994191833	29.78344270927254	0.0
170517.05170517054	149513773.42488977	5080431.828015729	0.0	-1.0112568983468733	29.78282385805969	0.0
173617.36173617363	149510609.72425452	5172766.841596424	0.0	-1.0296361110085797	29.782193656211888	0.0
176717.6717671767	149507389.04296973	5265099.883761077	0.0	-1.0480149303841013	29.781552103970924	0.0
179817.98179817983	149504111.3822656	5357430.919320331	0.0	-1.0663933494533888	29.780899201582944	0.0
182918.29182918294	149500776.74339408	5449759.913085597	0.0	-1.084771361196548	29.780234949298443	0.0
186018.60186018603	149497385.12762886	5542086.829869072	0.0	-1.1031489585938425	29.779559347372278	0.0
189118.9118911891	149493936.5362655	5634411.634483749	0.0	-1.1215261346256962	29.77887239606365	0.0
192219.22192219223	149490430.9706212	5726734.291743431	0.0	-1.1399028822726958	29.778174095636132	0.0
195319.53195319534	149486868.4320349	5819054.766462745	0.0	-1.1582791945155941	29.77746444635763	0.0
198419.84198419843	149483248.92186746	5911373.023457155	0.0	-1.1766550643353126	29.77674344850042	0.0
201520.15201520151	149479572.44150138	6003689.027542976	0.0	-1.1950304847129436	29.776011102341126	0.0
204620.46204620463	149475838.99234095	6096002.743537388	0.0	-1.213405448629754	29.775267408160726	0.0
207720.77207720774	149472048.57581222	6188314.136258449	0.0	-1.2317799490671868	29.77451236624455	0.0
210821.08210821083	149468201.193363	6280623.170525108	0.0	-1.2501539790068645	29.773745976882292	0.0
213921.39213921392	149464296.84646285	6372929.811157219	0.0	-1.268527531430592	29.772968240367984	0.0
217021.70217021703	149460335.53660312	6465234.022975553	0.0	-1.2869005993203586	29.77217915700002	0.0
220122.01220122015	149456317.26529688	6557535.770801814	0.0	-1.3052731756583416	29.771378727081153	0.0
223222.32223222323	149452242.034079	6649835.0194586525	0.0	-1.3236452534269083	29.770566950918475	0.0
226322.63226322632	149448109.84450603	6742131.733769676	0.0	-1.342016825608619	29.76974382882344	0.0
229422.94229422943	149443920.6981563	6834425.878559464	0.0	-1.3603878851862299	29.76890936111186	0.0
232523.25232523255	149439674.59663	6926717.418653583	0.0	-1.3787584251426952	29.768063548103886	0.0
235623.56235623563	149435371.54154894	7019006.318878601	0.0	-1.3971284384611706	29.767206390124034	0.0
238723.87238723872	149431011.53455678	7111292.544062095	0.0	-1.4154979181250158	29.766337887501166	0.0
241824.18241824183	149426594.57731885	7203576.05903267	0.0	-1.4338668571177964	29.7654580405685	0.0
244924.49244924495	149422120.6715223	7295856.82861997	0.0	-1.4522352484232879	29.764566849663606	0.0
248024.80248024804	149417589.81887597	7388134.817654694	0.0	-1.4706030850254774	29.763664315128405	0.0
251125.11251125112	149413002.02111053	7480409.990968607	0.0	-1.4889703599085669	29.76275043730917	0.0
254225.42254225424	149408357.27997833	7572682.313394553	0.0	-1.507337066056976	29.76182521655652	0.0
257325.73257325735	149403655.5972535	7664951.749766472	0.0	-1.525703196455344	29.76088865322544	0.0
260426.04260426044	149398896.97473195	7757218.2649194095	0.0	-1.5440687440885332	29.759940747675255	0.0
263526.3526352635	149394081.4142313	7849481.823689533	0.0	-1.5624337019416321	29.758981500269652	0.0
266626.66266626667	149389208.9175909	7941742.390914144	0.0	-1.5807980629999563	29.758010911376655	0.0
269726.97269726975	149384279.48667186	8033999.93143169	0.0	-1.5991618202490534	29.757028981368652	0.0
272827.28272827284	149379293.12335712	8126254.410081783	0.0	-1.617524966674704	29.75603571062237	0.0
275927.5927592759	149374249.82955122	8218505.791705207	0.0	-1.635887495262926	29.7550310995189	0.0
279027.902790279	149369149.60718054	8310754.041143935	0.0	-1.6542493989999758	29.754015148443674	0.0
282128.21282128216	149363992.4581932	8402999.123241143	0.0	-1.6726106708723514	29.752987857786483	0.0
285228.52285228524	149358778.38455907	8495241.002841221	0.0	-1.6909713038667962	29.751949227941463	0.0
288328.8328832883	149353507.38826966	8587479.644789787	0.0	-1.7093312909703002	29.750899259307097	0.0
291429.1429142915	149348179.4713384	8679715.013933701	0.0	-1.7276906251701039	29.749837952286228	0.0
294529.45294529456	149342794.63580027	8771947.07512108	0.0	-1.7460492994537	29.74876530728604	0.0
297629.76297629764	149337352.88371217	8864175.793201312	0.0	-1.764407306808837	29.74768132471807	0.0
300730.0730073007	149331854.2171526	8956401.133025067	0.0	-1.7827646402235215	29.746586004998207	0.0
303830.3830383038	149326298.63822186	9048623.059444303	0.0	-1.801121292686021	29.745479348546688	0.0
306930.69306930696	149320686.149042	9140841.537312299	0.0	-1.819477257184866	29.744361355788097	0.0
310031.00310031004	149315016.75175682	9233056.531483652	0.0	-1.8378325267088544	29.743232027151368	0.0
313131.31313131313	149309290.44853175	9325268.006814295	0.0	-1.856187094247052	29.742091363069786	0.0
316231.6231623163	149303507.24155408	9417475.928161513	0.0	-1.874540952788797	29.74093936398099	0.0
319331.93319331936	149297667.13303277	9509680.26038395	0.0	-1.892894095323702	29.739776030326958	0.0
322432.24322432245	149291770.12519854	9601880.968341636	0.0	-1.9112465148416562	29.738601362554018	0.0
325532.55325532553	149285816.22030383	9694078.01689598	0.0	-1.929598204332829	29.73741536111285	0.0
328632.8632863286	149279805.42062283	9786271.370909803	0.0	-1.9479491567876726	29.73621802645848	0.0
331733.17331733176	149273737.72845143	9878460.995247345	0.0	-1.966299365196924	29.735009359050288	0.0
334833.48334833485	149267613.14610723	9970646.854774268	0.0	-1.9846488225516088	29.733789359351988	0.0
337933.79337933793	149261431.67592967	10062828.914357688	0.0	-2.0029975218430427	29.732558027831654	0.0
